999
342938.23 6838617.97 565.47
342937.72 6838617.96 565.63
342937.17 6838617.94 565.73
342935.28 6838617.90 565.34
342934.64 6838617.87 565.19
342938.24 6838617.95 576.04
342938.14 6838617.95 575.79
342934.04 6838617.86 565.13
342937.75 6838617.94 576.20
342935.09 6838617.23 565.21
342934.45 6838617.21 565.04
342933.81 6838616.81 564.91
342934.99 6838616.84 565.11
342934.38 6838616.82 564.99
342935.78 6838616.38 565.37
342935.07 6838616.37 565.13
342934.50 6838616.35 565.14
342933.91 6838616.33 565.07
342937.69 6838615.76 565.22
342937.14 6838615.76 565.34
342936.61 6838615.74 565.41
342936.09 6838615.72 565.50
342935.46 6838615.71 565.42
342934.86 6838615.69 565.32
342934.27 6838615.67 565.30
342938.07 6838615.03 565.48
342937.42 6838615.01 565.33
342936.82 6838614.99 565.23
342936.24 6838614.97 565.19
342935.74 6838614.96 565.34
342937.46 6838613.94 565.36
342936.84 6838613.92 565.25
342936.20 6838613.90 565.07
342935.67 6838613.88 565.20
342935.07 6838613.87 565.22
342934.40 6838613.85 564.91
342938.25 6838613.24 565.38
342937.73 6838613.23 565.57
342937.14 6838613.21 565.56
342937.37 6838613.21 567.71
342936.43 6838613.19 565.22
342937.36 6838613.21 569.17
342935.85 6838613.17 565.24
342937.39 6838613.21 570.69
342935.36 6838613.17 565.40
342937.44 6838613.21 572.23
342934.71 6838613.15 565.13
342938.23 6838612.46 565.23
342937.66 6838612.44 565.34
342937.07 6838612.43 565.29
342936.51 6838612.41 565.24
342935.86 6838612.40 565.11
342935.30 6838612.38 565.17
342938.10 6838611.96 565.24
342937.47 6838611.95 565.10
342936.90 6838611.93 565.09
342936.34 6838611.92 565.11
342935.73 6838611.90 565.05
342935.15 6838611.88 565.05
342937.95 6838611.37 565.13
342936.72 6838611.34 564.85
342936.17 6838611.32 564.91
342935.61 6838611.32 564.95
342935.03 6838611.30 564.93
342937.92 6838610.69 564.96
342936.13 6838610.64 564.85
342936.88 6838609.89 565.24
342936.32 6838609.88 565.23
342935.71 6838609.86 565.23
342936.79 6838609.43 565.22
342936.25 6838609.41 565.38
342936.15 6838608.88 565.40
342936.81 6838608.21 565.03
342936.24 6838608.21 565.04
342937.75 6838607.55 565.16
342937.18 6838607.54 565.10
342936.59 6838607.52 565.04
342937.85 6838606.63 564.88
342936.64 6838606.60 564.82
342936.88 6838605.91 564.83
342937.61 6838605.21 564.78
342937.03 6838605.20 564.79
342937.57 6838604.78 564.83
342938.25 6838604.80 568.04
342936.95 6838604.77 564.69
342938.11 6838604.29 564.74
342937.52 6838604.27 564.66
342936.95 6838604.25 564.65
342937.72 6838603.64 564.74
342937.73 6838602.95 564.54
342937.13 6838602.93 564.52
342937.66 6838602.54 564.59
342938.00 6838602.06 564.68
342937.42 6838602.04 564.68
342938.25 6838619.10 565.39
342937.47 6838619.06 573.81
342934.15 6838618.98 565.18
342938.34 6838619.07 577.49
342937.49 6838619.06 575.29
342933.54 6838618.97 565.04
342938.11 6838619.47 574.62
342934.48 6838619.40 565.20
342937.24 6838619.45 573.91
342933.86 6838619.38 565.14
342938.40 6838619.47 578.44
342937.36 6838619.45 575.71
342933.23 6838619.36 565.04
342933.88 6838620.06 565.20
342937.71 6838620.14 576.64
342933.30 6838620.05 565.18
342938.25 6838618.59 565.30
342938.69 6838618.58 575.37
342934.77 6838618.50 565.17
342938.49 6838618.58 576.39
342934.12 6838618.48 565.06
342937.96 6838618.56 576.40
342933.56 6838618.47 565.01
342937.54 6838620.71 565.48
342936.29 6838620.67 565.20
342935.68 6838620.66 565.06
342934.52 6838620.64 565.15
342933.93 6838620.61 565.02
342933.29 6838620.60 564.96
342932.64 6838620.58 564.80
342938.02 6838621.19 565.74
342937.35 6838621.18 565.41
342935.43 6838621.12 565.01
342934.88 6838621.11 565.14
342934.31 6838621.10 565.13
342933.64 6838621.08 564.89
342938.13 6838620.72 565.56
342935.43 6838621.48 565.16
342934.27 6838621.44 565.08
342934.14 6838622.08 564.97
342933.53 6838622.06 564.89
342938.67 6838622.83 565.98
342937.92 6838622.81 565.62
342937.34 6838622.80 565.51
342933.62 6838622.70 564.84
342936.87 6838622.77 574.68
342933.08 6838622.69 564.85
342938.48 6838623.30 565.94
342937.76 6838623.28 565.55
342937.16 6838623.26 565.41
342936.48 6838623.25 565.21
342934.19 6838623.19 566.77
342933.44 6838623.18 564.86
342936.65 6838623.24 574.68
342934.24 6838623.18 568.40
342932.84 6838623.15 564.78
342936.17 6838623.23 574.92
342934.15 6838623.18 569.70
342932.24 6838623.14 564.72
342938.31 6838623.71 565.96
342937.57 6838623.69 565.54
342936.89 6838623.67 565.31
342933.89 6838623.59 564.99
342934.21 6838623.60 567.20
342933.27 6838623.57 564.77
342934.18 6838623.59 568.71
342932.63 6838623.55 564.70
342934.19 6838623.59 570.26
342932.01 6838623.54 564.63
342938.47 6838624.40 565.98
342937.71 6838624.38 565.54
342937.05 6838624.36 565.34
342936.41 6838624.34 565.14
342935.77 6838624.33 565.02
342935.16 6838624.31 564.94
342934.55 6838624.29 564.91
342933.98 6838624.28 564.89
342933.29 6838624.26 564.64
342932.75 6838624.24 564.69
342932.16 6838624.23 564.68
342938.49 6838625.01 565.81
342937.78 6838625.00 565.55
342937.12 6838624.98 565.30
342936.51 6838624.96 565.19
342935.80 6838624.94 564.92
342935.18 6838624.92 564.77
342934.59 6838624.91 564.68
342936.89 6838624.96 572.20
342933.97 6838624.89 564.61
342936.63 6838624.95 572.96
342933.40 6838624.88 564.58
342936.30 6838624.94 573.52
342932.89 6838624.86 564.66
342935.91 6838624.93 573.99
342932.27 6838624.85 564.58
342931.61 6838624.83 564.36
342938.31 6838625.53 565.75
342937.62 6838625.51 565.48
342936.99 6838625.49 565.23
342935.12 6838625.44 564.81
342934.51 6838625.43 564.70
342933.89 6838625.41 564.63
342936.55 6838625.47 572.99
342935.59 6838625.45 570.51
342933.30 6838625.39 564.53
342935.68 6838625.44 572.21
342932.75 6838625.38 564.62
342935.61 6838625.45 573.63
342932.06 6838625.36 564.41
342935.67 6838625.44 575.27
342931.43 6838625.34 564.27
342938.27 6838626.00 565.67
342937.58 6838625.99 565.39
342936.94 6838625.98 565.12
342936.72 6838625.96 573.57
342933.22 6838625.88 564.47
342936.54 6838625.94 574.60
342936.18 6838625.94 573.67
342932.62 6838625.86 564.42
342936.03 6838625.93 574.84
342936.06 6838625.93 576.42
342937.95 6838626.78 565.52
342937.29 6838626.76 565.23
342936.60 6838626.75 564.90
342936.00 6838626.74 564.90
342934.05 6838626.69 564.39
342935.81 6838626.71 570.54
342933.36 6838626.66 564.15
342936.28 6838626.72 573.18
342935.61 6838626.71 571.41
342932.82 6838626.65 564.16
342936.00 6838626.72 573.93
342932.28 6838626.64 564.24
342936.16 6838626.72 575.84
342931.61 6838626.62 564.01
342935.87 6838626.71 576.53
342930.97 6838626.60 563.83
342935.40 6838627.46 564.53
342934.81 6838627.45 564.40
342934.20 6838627.43 564.27
342933.53 6838627.42 564.15
342932.92 6838627.40 564.04
342936.25 6838627.48 574.12
342932.31 6838627.39 563.85
342931.63 6838627.37 563.70
342938.16 6838627.54 565.59
342937.39 6838627.52 565.18
342936.72 6838627.50 564.91
342936.07 6838627.48 564.74
342938.55 6838628.19 565.87
342938.61 6838628.19 567.47
342937.80 6838628.17 565.37
342937.06 6838628.15 565.01
342938.51 6838628.18 570.29
342936.38 6838628.14 564.73
342938.27 6838628.17 571.13
342935.78 6838628.12 564.59
342937.81 6838628.17 571.51
342935.05 6838628.10 564.32
342934.43 6838628.09 564.19
342933.80 6838628.07 564.10
342933.15 6838628.05 563.93
342932.57 6838628.04 563.87
342931.92 6838628.03 563.67
342931.27 6838628.01 563.58
342930.73 6838627.99 563.55
342937.35 6838628.71 565.14
342938.70 6838628.73 570.18
342936.66 6838628.68 564.89
342938.24 6838628.72 570.47
342936.02 6838628.67 564.66
342935.35 6838628.65 564.46
342934.06 6838628.62 564.09
342932.81 6838628.59 563.83
342932.21 6838628.57 563.69
342931.60 6838628.56 563.54
342930.94 6838628.54 563.38
342930.39 6838628.53 563.42
342937.49 6838629.54 565.12
342936.80 6838629.52 564.89
342936.16 6838629.50 564.69
342935.57 6838629.49 564.64
342932.93 6838629.42 563.69
342932.31 6838629.41 563.56
342931.69 6838629.39 563.41
342931.09 6838629.38 563.32
342932.59 6838629.40 568.78
342930.43 6838629.36 563.16
342932.82 6838629.41 570.88
342932.08 6838629.39 568.97
342929.78 6838629.34 563.00
342936.35 6838630.25 564.50
342935.83 6838630.24 564.69
342935.72 6838630.23 565.83
342932.53 6838630.15 563.54
342931.94 6838630.13 563.53
342931.78 6838630.13 564.54
342931.30 6838630.12 563.31
342932.88 6838630.15 568.92
342931.82 6838630.13 566.17
342930.65 6838630.10 563.13
342933.01 6838630.15 570.87
342932.27 6838630.13 568.91
342929.91 6838630.08 562.81
342935.66 6838630.83 564.39
342935.78 6838630.81 572.20
342935.82 6838630.82 573.92
342935.41 6838630.81 574.26
342931.05 6838630.71 562.92
342930.46 6838630.70 562.85
342929.80 6838630.68 562.67
342931.61 6838631.22 562.95
342930.92 6838631.21 562.75
342930.37 6838631.19 562.72
342929.66 6838631.18 562.45
342975.00 6838485.86 572.37
342973.82 6838485.85 572.28
342990.47 6838485.34 576.18
342989.81 6838485.33 575.90
342989.17 6838485.32 575.75
342988.60 6838485.32 575.73
342987.98 6838485.31 575.57
342987.41 6838485.30 575.50
342986.85 6838485.30 575.54
342986.30 6838485.29 575.60
342988.05 6838485.31 581.70
342985.61 6838485.28 575.24
342988.39 6838485.31 584.06
342987.98 6838485.30 583.01
342988.49 6838485.31 585.85
342987.99 6838485.30 586.02
342987.85 6838485.29 587.19
342987.47 6838485.29 587.69
342986.97 6838485.28 587.80
342986.53 6838485.28 588.16
342980.86 6838485.23 573.28
342980.24 6838485.21 573.17
342979.65 6838485.21 573.17
342979.88 6838485.21 575.34
342978.94 6838485.21 572.87
342979.87 6838485.21 576.84
342978.32 6838485.19 572.78
342979.88 6838485.21 578.39
342977.74 6838485.19 572.80
342979.88 6838485.20 579.86
342977.14 6838485.18 572.71
342981.45 6838485.21 585.38
342976.58 6838485.17 572.72
342979.94 6838485.19 582.89
342976.02 6838485.16 572.71
342980.69 6838485.20 586.41
342980.35 6838485.19 587.03
342980.33 6838485.20 588.42
342985.31 6838484.80 575.10
342987.64 6838484.81 582.74
342984.58 6838484.79 574.72
342988.13 6838484.83 585.44
342983.97 6838484.78 574.51
342987.54 6838484.81 585.47
342983.28 6838484.78 574.29
342987.50 6838484.82 586.83
342982.64 6838484.77 574.09
342986.97 6838484.80 586.84
342981.99 6838484.76 573.77
342981.80 6838484.76 574.85
342981.26 6838484.76 573.43
342981.25 6838484.75 574.91
342980.61 6838484.75 573.23
342979.96 6838484.74 572.98
342979.31 6838484.73 572.90
342978.71 6838484.72 572.76
342978.52 6838484.72 573.66
342982.42 6838484.74 585.45
342978.24 6838484.72 574.55
342977.57 6838484.71 572.80
342981.57 6838484.73 584.79
342976.99 6838484.70 572.85
342981.51 6838484.74 586.04
342976.44 6838484.69 572.83
342980.76 6838484.73 585.70
342975.81 6838484.68 572.83
342980.51 6838484.72 586.57
342975.17 6838484.68 572.72
342980.18 6838484.72 587.05
342980.05 6838484.71 588.21
342990.91 6838484.87 576.32
342990.30 6838484.86 576.26
342989.61 6838484.85 575.89
342988.95 6838484.84 575.77
342988.33 6838484.84 575.62
342987.73 6838484.83 575.49
342987.09 6838484.82 575.31
342986.49 6838484.82 575.28
342985.97 6838484.81 575.30
342990.63 6838484.31 576.26
342990.10 6838484.31 576.24
342989.42 6838484.31 575.95
342988.77 6838484.30 575.81
342988.17 6838484.29 575.66
342987.54 6838484.28 575.54
342986.90 6838484.27 575.40
342986.28 6838484.27 575.22
342985.66 6838484.25 575.15
342984.99 6838484.24 574.96
342984.35 6838484.24 574.71
342983.70 6838484.23 574.49
342983.51 6838484.23 575.54
342982.79 6838484.23 575.12
342982.33 6838484.22 573.89
342981.78 6838484.21 573.94
342981.72 6838484.22 575.31
342980.98 6838484.20 573.39
342981.17 6838484.20 575.30
342980.32 6838484.19 573.06
342979.72 6838484.19 572.94
342979.07 6838484.18 572.87
342978.97 6838484.18 574.01
342978.56 6838484.18 572.94
342982.23 6838484.20 583.94
342978.68 6838484.17 574.71
342982.14 6838484.20 585.34
342978.38 6838484.16 575.55
342981.75 6838484.19 585.71
342979.53 6838484.18 579.93
342976.84 6838484.15 572.91
342981.54 6838484.19 586.68
342981.32 6838484.18 587.70
342980.56 6838484.17 585.72
342980.40 6838484.17 586.66
342979.94 6838484.17 585.45
342980.04 6838484.16 587.17
342979.48 6838484.16 585.72
342988.39 6838483.63 575.78
342987.75 6838483.62 575.62
342987.12 6838483.61 575.48
342986.55 6838483.61 575.43
342985.93 6838483.59 575.24
342985.21 6838483.59 574.93
342984.53 6838483.57 574.65
342983.90 6838483.58 574.50
342982.98 6838483.57 575.09
342981.66 6838483.55 574.69
342981.37 6838483.54 573.93
342979.97 6838483.52 573.22
342981.70 6838483.53 579.33
342982.30 6838483.54 582.34
342978.71 6838483.51 572.96
342982.44 6838483.54 584.14
342981.66 6838483.53 582.13
342978.57 6838483.51 574.06
342978.17 6838483.51 572.99
342982.25 6838483.53 585.12
342977.60 6838483.50 573.01
342981.92 6838483.53 585.67
342981.70 6838483.52 586.64
342981.54 6838483.53 587.71
342980.62 6838483.51 586.73
342980.03 6838483.51 585.23
342979.42 6838483.49 585.09
342974.75 6838483.45 572.97
342990.29 6838483.65 576.22
342989.71 6838483.65 576.17
342989.00 6838483.63 575.92
342990.30 6838482.91 576.01
342987.28 6838482.88 575.60
342986.61 6838482.87 575.41
342985.96 6838482.86 575.25
342985.32 6838482.85 575.07
342984.68 6838482.84 574.87
342984.04 6838482.85 574.67
342983.48 6838482.84 574.66
342982.95 6838482.83 574.81
342982.02 6838482.81 573.91
342981.40 6838482.81 573.74
342980.75 6838482.80 573.59
342980.08 6838482.79 573.38
342981.72 6838482.80 579.18
342979.40 6838482.78 573.12
342978.83 6838482.77 573.09
342981.92 6838482.79 582.66
342978.26 6838482.77 573.12
342982.11 6838482.79 584.62
342981.50 6838482.79 583.05
342977.70 6838482.76 573.13
342981.93 6838482.79 585.64
342981.46 6838482.78 584.43
342980.94 6838482.78 584.54
342976.57 6838482.74 573.17
342980.44 6838482.77 584.70
342976.08 6838482.74 573.37
342975.50 6838482.72 573.32
342990.34 6838482.54 575.97
342989.76 6838482.54 575.98
342987.36 6838482.50 575.69
342986.70 6838482.49 575.44
342986.02 6838482.48 575.20
342985.43 6838482.48 575.09
342984.79 6838482.46 574.90
342984.08 6838482.47 574.65
342983.50 6838482.46 574.60
342982.84 6838482.45 574.35
342982.06 6838482.45 573.96
342981.44 6838482.43 573.77
342980.86 6838482.43 573.65
342980.18 6838482.42 573.40
342979.51 6838482.41 573.19
342978.93 6838482.39 573.17
342982.16 6838482.43 583.12
342978.35 6838482.40 573.16
342981.77 6838482.41 583.57
342977.77 6838482.39 573.15
342981.53 6838482.41 584.43
342977.20 6838482.37 573.16
342980.95 6838482.41 584.51
342976.61 6838482.37 573.22
342976.12 6838482.36 573.38
342975.51 6838482.36 573.28
342974.93 6838482.34 573.31
342989.67 6838482.00 575.83
342987.40 6838481.97 575.79
342986.73 6838481.96 575.50
342986.06 6838481.96 575.24
342985.42 6838481.94 575.09
342984.84 6838481.95 574.96
342984.19 6838481.94 574.87
342983.47 6838481.92 574.52
342982.89 6838481.92 574.40
342982.22 6838481.91 574.20
342981.51 6838481.90 573.84
342980.89 6838481.89 573.71
342980.20 6838481.89 573.52
342979.54 6838481.88 573.30
342978.96 6838481.87 573.27
342978.38 6838481.86 573.28
342977.83 6838481.85 573.25
342977.27 6838481.84 573.25
342976.68 6838481.84 573.28
342976.13 6838481.83 573.37
342975.59 6838481.82 573.40
342974.92 6838481.81 573.27
342990.28 6838481.36 575.74
342989.74 6838481.35 575.84
342987.39 6838481.32 575.70
342986.75 6838481.32 575.46
342986.10 6838481.31 575.26
342985.53 6838481.30 575.20
342984.89 6838481.30 575.01
342984.22 6838481.29 574.81
342983.61 6838481.28 574.68
342983.03 6838481.27 574.56
342982.33 6838481.27 574.32
342981.73 6838481.25 574.18
342981.08 6838481.25 574.01
342980.38 6838481.24 573.74
342979.73 6838481.23 573.48
342979.11 6838481.22 573.32
342978.56 6838481.21 573.41
342977.95 6838481.21 573.37
342977.37 6838481.19 573.38
342976.79 6838481.19 573.41
342976.21 6838481.18 573.44
342975.61 6838481.17 573.34
342975.03 6838481.17 573.32
342987.86 6838480.64 575.69
342987.27 6838480.64 575.64
342986.65 6838480.63 575.55
342986.03 6838480.62 575.37
342985.32 6838480.61 575.05
342984.66 6838480.61 574.83
342984.02 6838480.61 574.68
342983.45 6838480.60 574.61
342982.86 6838480.59 574.52
342982.22 6838480.58 574.36
342981.60 6838480.57 574.17
342980.91 6838480.56 573.92
342980.29 6838480.55 573.76
342979.68 6838480.55 573.62
342979.09 6838480.54 573.62
342978.52 6838480.53 573.61
342977.95 6838480.52 573.64
342977.33 6838480.51 573.58
342976.73 6838480.51 573.50
342976.16 6838480.50 573.41
342975.57 6838480.49 573.44
342990.13 6838480.68 575.59
342989.56 6838480.67 575.62
342989.05 6838480.66 575.76
342988.48 6838480.66 575.75
342990.31 6838480.24 575.52
342989.72 6838480.22 575.57
342989.18 6838480.22 575.59
342988.13 6838480.20 575.82
342987.56 6838480.20 575.70
342986.92 6838480.19 575.60
342986.30 6838480.18 575.57
342985.67 6838480.17 575.33
342984.95 6838480.17 574.98
342984.27 6838480.16 574.79
342983.66 6838480.15 574.62
342983.09 6838480.14 574.59
342982.41 6838480.13 574.43
342981.83 6838480.13 574.28
342981.16 6838480.12 574.10
342980.50 6838480.11 573.91
342979.91 6838480.10 573.75
342979.32 6838480.09 573.66
342978.80 6838480.09 573.85
342978.22 6838480.08 573.80
342977.65 6838480.07 573.76
342977.03 6838480.06 573.71
342976.44 6838480.05 573.58
342975.83 6838480.04 573.50
342985.95 6838479.68 575.29
342985.35 6838479.68 575.15
342984.68 6838479.67 574.92
342984.04 6838479.66 574.70
342983.44 6838479.66 574.63
342982.79 6838479.65 574.48
342982.20 6838479.64 574.38
342981.57 6838479.63 574.22
342980.92 6838479.62 574.12
342980.28 6838479.61 573.95
342979.72 6838479.60 573.88
342979.16 6838479.59 573.99
342978.67 6838479.59 574.21
342977.43 6838479.57 573.98
342976.76 6838479.56 573.68
342976.14 6838479.55 573.47
342975.55 6838479.54 573.44
342985.35 6838479.03 575.14
342984.69 6838479.02 574.98
342984.03 6838479.01 574.75
342983.43 6838478.99 574.69
342982.78 6838478.99 574.56
342982.19 6838478.98 574.44
342981.56 6838478.97 574.26
342980.92 6838478.97 574.06
342980.32 6838478.95 574.05
342979.73 6838478.95 574.00
342979.14 6838478.94 573.97
342978.57 6838478.93 574.01
342977.99 6838478.93 574.00
342977.32 6838478.91 573.79
342976.69 6838478.91 573.60
342976.06 6838478.89 573.49
342988.80 6838478.33 575.09
342986.01 6838478.28 575.22
342985.40 6838478.28 575.11
342984.76 6838478.28 574.97
342984.13 6838478.27 574.85
342983.54 6838478.26 574.73
342982.92 6838478.25 574.67
342982.33 6838478.24 574.58
342981.69 6838478.23 574.43
342981.00 6838478.23 574.24
342980.37 6838478.21 574.07
342979.82 6838478.20 574.15
342979.20 6838478.19 574.04
342978.65 6838478.19 573.99
342978.05 6838478.18 573.92
342977.38 6838478.17 573.74
342976.72 6838478.16 573.53
342976.12 6838478.16 573.40
342988.67 6838477.84 575.05
342988.17 6838477.83 575.28
342987.08 6838477.81 575.35
342986.47 6838477.81 575.26
342985.91 6838477.81 575.18
342985.27 6838477.80 575.07
342984.68 6838477.80 575.03
342984.08 6838477.78 574.83
342983.42 6838477.78 574.69
342982.80 6838477.77 574.55
342982.21 6838477.76 574.44
342981.55 6838477.75 574.34
342980.96 6838477.74 574.27
342980.42 6838477.74 574.23
342979.79 6838477.72 574.20
342979.16 6838477.71 574.13
342978.57 6838477.71 574.03
342977.96 6838477.70 574.00
342977.29 6838477.70 573.78
342976.64 6838477.68 573.54
342976.04 6838477.67 573.44
342989.90 6838477.29 574.62
342989.39 6838477.29 574.74
342988.88 6838477.28 574.93
342988.34 6838477.27 575.06
342987.78 6838477.26 575.06
342987.35 6838477.26 575.41
342986.61 6838477.25 575.10
342986.08 6838477.24 575.14
342985.50 6838477.24 575.13
342984.92 6838477.23 575.13
342984.27 6838477.22 574.92
342983.65 6838477.21 574.71
342982.99 6838477.20 574.54
342982.40 6838477.19 574.43
342986.73 6838477.22 587.20
342981.80 6838477.19 574.31
342985.82 6838477.22 586.36
342981.16 6838477.18 574.18
342985.28 6838477.21 586.40
342980.61 6838477.17 574.21
342980.03 6838477.16 574.10
342979.43 6838477.16 574.12
342978.84 6838477.14 574.05
342978.25 6838477.13 574.00
342977.65 6838477.13 574.02
342977.00 6838477.12 573.79
342976.43 6838477.11 573.70
342990.16 6838476.56 574.27
342989.63 6838476.54 574.44
342989.13 6838476.54 574.67
342988.61 6838476.53 574.86
342988.05 6838476.52 574.84
342987.50 6838476.51 574.80
342986.97 6838476.50 574.94
342986.42 6838476.51 575.01
342985.87 6838476.50 575.09
342985.33 6838476.49 575.15
342984.70 6838476.48 575.06
342984.03 6838476.47 574.80
342983.33 6838476.46 574.50
342982.73 6838476.45 574.44
342986.95 6838476.49 586.99
342986.40 6838476.48 587.05
342985.98 6838476.48 585.96
342981.47 6838476.43 574.16
342986.93 6838476.48 589.90
342985.86 6838476.47 587.10
342980.27 6838476.41 573.97
342985.87 6838476.47 590.03
342979.67 6838476.41 573.86
342985.94 6838476.46 591.67
342985.26 6838476.46 589.88
342979.11 6838476.40 573.85
342984.18 6838476.45 588.54
342978.51 6838476.40 573.80
342977.91 6838476.38 573.75
342977.37 6838476.37 573.78
342976.78 6838476.37 573.71
342986.58 6838475.68 590.26
342986.22 6838475.67 590.89
342986.04 6838475.67 591.85
342985.77 6838475.67 592.65
342984.63 6838475.65 591.17
342977.88 6838475.59 573.61
342977.31 6838475.57 573.60
342976.70 6838475.57 573.45
342990.09 6838475.76 573.96
342989.09 6838475.74 574.24
342988.52 6838475.73 574.31
342987.98 6838475.72 574.43
342987.43 6838475.71 574.50
342986.91 6838475.72 574.64
342986.39 6838475.71 574.84
342985.94 6838475.70 575.10
342985.83 6838475.69 576.35
342989.87 6838475.73 588.39
342989.52 6838475.73 588.94
342985.84 6838475.69 579.30
342984.13 6838475.68 574.83
342985.89 6838475.68 581.00
342983.41 6838475.66 574.50
342985.90 6838475.68 582.54
342982.77 6838475.66 574.36
342986.90 6838475.69 586.65
342982.22 6838475.65 574.40
342987.12 6838475.69 588.75
342986.64 6838475.69 589.02
342989.89 6838475.22 573.72
342989.37 6838475.22 573.77
342988.88 6838475.21 573.96
342988.33 6838475.21 574.05
342987.79 6838475.20 574.17
342987.26 6838475.20 574.26
342986.72 6838475.19 574.38
342989.66 6838475.22 583.57
342986.24 6838475.18 574.57
342985.72 6838475.18 574.67
342985.12 6838475.16 574.76
342984.54 6838475.16 574.68
342989.76 6838475.20 591.49
342983.21 6838475.14 574.33
342989.74 6838475.20 592.82
342985.95 6838475.16 582.91
342982.64 6838475.13 574.27
342987.61 6838475.17 588.70
342986.79 6838475.16 588.08
342985.91 6838475.15 585.78
342981.42 6838475.11 574.02
342986.90 6838475.16 589.86
342985.94 6838475.15 587.35
342986.67 6838475.16 590.71
342986.17 6838475.15 590.93
342985.84 6838475.15 591.55
342985.63 6838475.14 592.46
342977.75 6838475.06 573.59
342977.16 6838475.05 573.48
342976.56 6838475.04 573.40
342989.07 6838474.54 591.22
342989.86 6838474.54 594.84
342981.85 6838474.46 573.90
342989.46 6838474.53 595.36
342986.79 6838474.50 589.89
342986.22 6838474.49 589.86
342985.20 6838474.47 590.10
342982.98 6838474.45 585.78
342978.29 6838474.40 573.57
342982.79 6838474.44 586.85
342977.67 6838474.40 573.55
342982.48 6838474.44 587.52
342977.01 6838474.39 573.33
342988.09 6838474.55 573.78
342987.54 6838474.55 573.81
342987.04 6838474.53 573.98
342986.54 6838474.53 574.15
342985.97 6838474.52 574.17
342985.41 6838474.51 574.18
342987.57 6838473.78 573.29
342987.10 6838473.78 573.53
342986.60 6838473.76 573.71
342986.07 6838473.76 573.76
342988.88 6838473.76 593.05
342986.80 6838473.74 587.63
342985.92 6838473.73 585.31
342981.38 6838473.69 573.46
342986.36 6838473.73 587.96
342985.28 6838473.72 586.62
342981.98 6838473.70 578.04
342980.08 6838473.67 573.09
342981.96 6838473.69 579.50
342979.56 6838473.66 573.25
342983.70 6838473.70 585.59
342981.99 6838473.69 581.12
342979.03 6838473.66 573.44
342983.05 6838473.69 585.41
342978.46 6838473.64 573.47
342983.37 6838473.69 587.73
342977.84 6838473.64 573.37
342982.66 6838473.68 587.37
342977.21 6838473.62 573.22
342989.77 6838472.96 572.61
342989.21 6838472.95 572.60
342988.69 6838472.94 572.77
342988.14 6838472.94 572.81
342987.60 6838472.93 572.95
342987.07 6838472.91 573.09
342986.59 6838472.91 573.31
342986.07 6838472.90 573.48
342985.52 6838472.90 573.49
342984.92 6838472.88 573.47
342984.37 6838472.87 573.45
342983.83 6838472.86 573.56
342989.14 6838472.91 588.88
342983.35 6838472.86 573.71
342989.62 6838472.93 591.56
342989.23 6838472.92 590.55
342987.87 6838472.90 587.01
342982.67 6838472.85 573.40
342988.77 6838472.91 590.92
342987.82 6838472.90 588.46
342982.06 6838472.84 573.39
342987.56 6838472.90 589.20
342987.25 6838472.89 588.39
342981.41 6838472.83 573.16
342980.83 6838472.82 573.08
342985.50 6838472.87 586.80
342980.21 6838472.82 573.04
342979.66 6838472.81 573.04
342979.11 6838472.80 573.14
342978.51 6838472.79 573.12
342983.30 6838472.83 587.02
342977.94 6838472.77 573.08
342982.69 6838472.83 586.87
342977.32 6838472.77 572.94
342989.62 6838472.37 572.32
342989.09 6838472.36 572.46
342988.56 6838472.34 572.58
342988.07 6838472.34 572.62
342987.48 6838472.33 572.70
342986.93 6838472.32 572.84
342986.49 6838472.32 573.08
342984.75 6838472.29 573.09
342984.19 6838472.28 573.09
342989.07 6838472.33 587.54
342989.01 6838472.32 588.72
342983.06 6838472.26 573.13
342988.76 6838472.33 589.65
342988.44 6838472.32 590.27
342988.22 6838472.31 591.04
342987.86 6838472.31 591.59
342980.75 6838472.23 573.04
342980.17 6838472.22 573.04
342979.60 6838472.21 573.03
342979.05 6838472.20 573.07
342978.49 6838472.19 573.14
342982.86 6838472.24 585.92
342977.89 6838472.19 573.02
342977.18 6838472.17 572.65
342984.05 6838471.63 572.90
342989.49 6838471.69 588.59
342988.82 6838471.68 586.85
342988.75 6838471.67 591.19
342988.50 6838471.67 591.96
342988.21 6838471.66 592.76
342987.07 6838471.65 591.23
342979.95 6838471.56 572.67
342985.55 6838471.63 588.73
342979.44 6838471.56 572.82
342978.86 6838471.54 572.85
342978.19 6838471.54 572.58
342977.67 6838471.53 572.62
342977.02 6838471.52 572.43
342989.55 6838471.72 572.12
342989.02 6838471.71 572.28
342989.30 6838471.68 586.66
342988.08 6838471.67 583.44
342984.50 6838470.85 572.39
342988.65 6838470.90 584.80
342983.93 6838470.85 572.41
342989.07 6838470.90 587.38
342988.55 6838470.89 586.02
342988.84 6838470.89 588.21
342988.88 6838470.89 589.76
342988.52 6838470.88 590.33
342988.35 6838470.88 591.38
342988.00 6838470.88 591.97
342987.46 6838470.87 590.59
342980.45 6838470.80 572.30
342986.36 6838470.85 589.18
342979.86 6838470.78 572.27
342985.51 6838470.84 588.51
342979.21 6838470.77 572.12
342978.58 6838470.77 572.01
342978.05 6838470.76 572.12
342977.49 6838470.75 572.14
342989.49 6838470.93 571.87
342989.01 6838470.93 572.08
342988.43 6838470.91 572.07
342987.89 6838470.90 572.15
342987.37 6838470.90 572.32
342989.48 6838470.08 571.38
342988.43 6838470.07 571.66
342985.60 6838470.03 571.76
342985.08 6838470.02 571.86
342984.53 6838470.01 571.90
342983.95 6838470.00 571.86
342988.60 6838470.05 585.56
342983.36 6838469.99 571.84
342988.17 6838470.04 585.98
342982.76 6838469.98 571.81
342988.12 6838470.04 587.34
342982.17 6838469.97 571.79
342988.04 6838470.03 588.64
342981.63 6838469.96 571.93
342987.67 6838470.03 589.18
342981.01 6838469.95 571.82
342987.31 6838470.02 589.74
342980.41 6838469.95 571.73
342987.03 6838470.02 590.44
342979.82 6838469.93 571.66
342986.29 6838470.00 589.94
342979.21 6838469.93 571.53
342978.62 6838469.91 571.54
342984.50 6838469.98 588.30
342978.06 6838469.91 571.58
342984.28 6838469.97 589.18
342989.30 6838469.54 571.07
342987.74 6838469.51 571.48
342987.14 6838469.50 571.36
342989.48 6838469.52 581.97
342986.88 6838469.50 575.15
342985.51 6838469.47 571.54
342986.98 6838469.50 576.82
342985.01 6838469.47 571.64
342986.89 6838469.50 578.16
342984.37 6838469.46 571.56
342986.90 6838469.49 579.65
342983.83 6838469.45 571.58
342989.11 6838469.51 586.91
342986.90 6838469.49 581.13
342983.26 6838469.44 571.62
342988.56 6838469.50 587.07
342986.87 6838469.48 582.64
342982.68 6838469.43 571.68
342988.43 6838469.49 588.17
342982.13 6838469.42 571.69
342987.99 6838469.49 588.40
342987.71 6838469.48 589.25
342987.52 6838469.48 590.30
342987.28 6838469.48 591.14
342986.89 6838469.47 591.68
342985.30 6838469.45 589.07
342978.47 6838469.36 571.27
342984.65 6838469.44 588.76
342977.93 6838469.36 571.31
342984.23 6838469.43 589.16
342977.34 6838469.35 571.29
342989.07 6838468.92 570.82
342988.58 6838468.92 570.98
342987.96 6838468.91 570.93
342987.36 6838468.90 570.97
342986.88 6838468.89 571.07
